camera_matrix:
- - 1132.2371617354263
  - 0.0
  - 306.81106548674194
- - 0.0
  - 990.7674404483714
  - 202.9072677740598
- - 0.0
  - 0.0
  - 1.0
dist_coeff:
- - 0.424106947691439
  - -7.446702001671926
  - 0.12608295141024645
  - -0.03216070456628223
  - 26.22256853116165
