camera_matrix:
- - 904.8787345070831
  - 0.0
  - 485.6630344188767
- - 0.0
  - 962.0161256953298
  - 257.75970566423916
- - 0.0
  - 0.0
  - 1.0
dist_coeff:
- - 0.10759868410022687
  - -1.2923294870578883
  - 0.018897407635475087
  - -0.02843643719189286
  - 2.6754357945231986
