camera_matrix:
- - 3339.886050315861
  - 0.0
  - 207.9314936929049
- - 0.0
  - 2831.9571710575506
  - 358.88393309463675
- - 0.0
  - 0.0
  - 1.0
dist_coeff:
- - 22.50439272220376
  - -2421.1019669310726
  - 0.5921997828625665
  - 0.14547441051863597
  - 89000.55659812057
